

B0:C5:54:46:7C:7B|3072|423815995|2|-82

B0:C5:54:46:7C:7B|3088|423815995|2|-82

38:F9:D3:AD:39:8D|272|425029264|5|-90

04:D6:AA:6B:DA:15|2640|426190987|7|-65

04:D6:AA:6B:DA:15|2656|426230654|7|-68

3C:2E:F9:B8:CD:5D|3200|427219601|9|-82

3C:2E:F9:B8:CD:5D|3216|427246336|9|-85

B8:27:EB:05:02:0F|1216|429070908|13|-86

B8:27:EB:05:02:0F|1232|429085204|13|-87

B0:C5:54:46:7C:7B|3840|429241671|13|-80

B0:C5:54:46:7C:7B|3856|429241671|13|-80

B0:C5:54:46:7C:7B|3920|430358387|2|-83

20:C9:D0:49:3D:7D|1520|431306525|4|-72

80:58:F8:59:D8:C0|1056|431751454|5|-89

B0:C5:54:46:7C:7B|416|433252480|8|-76

B0:C5:54:46:7C:7B|432|433252480|8|-76

D2:9F:66:37:38:C4|1536|434255540|10|-87

68:07:15:E8:FE:A9|3424|435730383|13|-51

CC:2D:B7:B5:85:84|2624|435784736|13|-89

08:E6:89:AB:25:E5|2256|435863082|13|-82

08:E6:89:AB:25:E5|2272|435873593|13|-80

B0:C5:54:46:7C:7B|672|436816042|2|-81

B0:C5:54:46:7C:7B|688|436816042|2|-81

B0:C5:54:46:7C:7B|704|436816042|2|-81

B0:C5:54:46:7C:7B|720|436816042|2|-81

80:58:F8:59:D8:C0|2224|437666548|4|-77

3C:2E:F9:B8:CD:5D|3488|438293923|5|-70

3C:2E:F9:B8:CD:5D|3504|438313621|5|-70

B8:27:EB:7F:9C:89|160|439586016|8|-75

B8:27:EB:7F:9C:89|176|439604683|8|-74

B0:C5:54:46:7C:7B|1888|439746286|8|-68

B0:C5:54:46:7C:7B|1904|439746286|8|-73

B0:C5:54:46:7C:7B|1920|439746286|8|-72

B0:C5:54:46:7C:7B|1936|439746286|8|-72

B0:C5:54:46:7C:7B|2656|442393510|13|-75

80:58:F8:59:D8:C0|3328|442574120|1|-80

80:58:F8:59:D8:C0|3344|442581076|1|-81

80:58:F8:59:D8:C0|3360|442588142|1|-81

80:58:F8:59:D8:C0|3376|442601033|1|-81

80:58:F8:12:F7:4E|816|445644119|7|-74

80:58:F8:12:F7:4E|832|445659274|7|-79

B0:C5:54:46:7C:7B|2912|446236693|8|-72

B0:C5:54:46:7C:7B|2928|446236693|8|-73

3C:2E:F9:B8:CD:5D|64|448900366|13|-62

3C:2E:F9:B8:CD:5D|80|448920494|13|-61

80:58:F8:59:D8:C0|1488|448946989|13|-90

B0:C5:54:46:7C:7B|3488|448976306|13|-76

B0:C5:54:46:7C:7B|3504|448976306|13|-77

38:F9:D3:AD:39:8D|1408|449794935|2|-78

38:F9:D3:AD:39:8D|1424|449799403|2|-80

B0:C5:54:46:7C:7B|3584|450136443|3|-78

B0:C5:54:46:7C:7B|3600|450136443|3|-79

C4:9D:ED:97:7A:7F|2192|452627137|8|-76

C4:9D:ED:97:7A:7F|2208|452627137|8|-76

80:58:F8:59:D8:C0|2560|453869395|10|-87

B0:C5:54:46:7C:7B|608|455404854|13|-75

B0:C5:54:46:7C:7B|624|455404854|13|-76

B0:C5:54:46:7C:7B|656|455411882|13|-75

BC:B8:63:5E:18:A1|2256|456528690|3|-93

B0:C5:54:46:7C:7B|800|456634855|3|-79

B0:C5:54:46:7C:7B|816|456634855|3|-80

B0:C5:54:46:7C:7B|832|456634855|3|-80

20:C9:D0:49:3D:7D|448|457922190|5|-71

20:C9:D0:49:3D:7D|464|457922190|5|-70

20:C9:D0:49:3D:7D|480|457922190|5|-70

20:C9:D0:49:3D:7D|544|458003522|6|-80

80:58:F8:59:D8:C0|3616|458777259|7|-93

B0:C5:54:46:7C:7B|1728|459332007|8|-72

B0:C5:54:46:7C:7B|1744|459332007|8|-72

B8:27:EB:05:02:0F|1696|459453333|8|-80

B8:27:EB:05:02:0F|1712|459453333|8|-79

B8:27:EB:05:02:0F|1728|459471292|8|-80

B8:27:EB:05:02:0F|1744|459471292|8|-81

B8:27:EB:05:02:0F|1792|459518006|9|-80

48:F1:7F:B8:83:64|1680|461959629|13|-83

B0:C5:54:46:7C:7B|1952|462992008|2|-78

B0:C5:54:46:7C:7B|1968|462996624|2|-78

B0:C5:54:46:7C:7B|2000|463091856|3|-79

3C:2E:F9:B8:CD:5D|240|464263691|5|-79

B0:C5:54:46:7C:7B|2560|465871355|8|-73

B0:C5:54:46:7C:7B|2576|465871355|8|-72

3C:2E:F9:B8:CD:5D|1280|469695663|3|-81

3C:2E:F9:B8:CD:5D|1296|469711204|3|-82

B8:27:EB:7F:9C:89|416|469973647|3|-72

B8:27:EB:7F:9C:89|432|469996096|3|-73

B8:27:EB:7F:9C:89|448|470018281|4|-72

B8:27:EB:7F:9C:89|464|470033689|4|-73

3C:2E:F9:B8:CD:5D|2272|470570474|5|-87

B0:C5:54:46:7C:7B|3616|472315544|8|-72

B0:C5:54:46:7C:7B|3632|472315544|8|-72

20:C9:D0:49:3D:7D|1360|473484034|10|-74

20:C9:D0:49:3D:7D|1376|473515182|11|-73

20:C9:D0:49:3D:7D|1392|473515182|11|-72

2E:ED:CE:34:A5:01|3968|475225935|1|-90

B0:C5:54:46:7C:7B|800|476239060|3|-78

B0:C5:54:46:7C:7B|816|476239060|3|-78

80:58:F8:59:D8:C0|640|478821902|8|-89

B0:C5:54:46:7C:7B|1632|482729659|3|-78

B0:C5:54:46:7C:7B|1648|482729659|3|-79

B0:C5:54:46:7C:7B|2368|484614466|7|-72

B0:C5:54:46:7C:7B|3520|487451011|12|-76

B0:C5:54:46:7C:7B|3536|487451011|12|-76

B0:C5:54:46:7C:7B|3552|487451011|12|-76

B0:C5:54:46:7C:7B|3568|487472385|12|-75

B0:C5:54:46:7C:7B|3584|487545856|13|-76

B0:C5:54:46:7C:7B|3616|487548296|13|-76

B0:C5:54:46:7C:7B|3632|487550114|13|-76

B0:C5:54:46:7C:7B|3648|488464615|1|-80

B0:C5:54:46:7C:7B|3664|488464615|1|-80

B0:C5:54:46:7C:7B|3680|488567089|2|-78

B0:C5:54:46:7C:7B|3696|488567089|2|-79

B8:27:EB:05:02:0F|2112|488592060|2|-86

B8:27:EB:05:02:0F|2128|488612040|2|-87

08:C5:E1:80:9A:F7|2480|490724877|6|-90

F6:B0:7B:E2:F0:8D|3520|491473197|7|-89

B0:C5:54:46:7C:7B|320|493915843|12|-77

B0:C5:54:46:7C:7B|352|494015630|13|-77

B0:C5:54:46:7C:7B|368|494015630|13|-77

CA:0C:66:7B:75:0A|3024|494591503|1|-91

B0:C5:54:46:7C:7B|384|494998597|1|-80

B0:C5:54:46:7C:7B|400|494998597|1|-82

B0:C5:54:46:7C:7B|416|495096175|2|-78

B0:C5:54:46:7C:7B|432|495106157|2|-79

B0:C5:54:46:7C:7B|992|497876713|7|-72

94:87:E0:32:EB:A2|1888|498434838|8|-57

20:C9:D0:49:3D:7D|3952|499697519|11|-74

20:C9:D0:49:3D:7D|3968|499711628|11|-77

B8:27:EB:7F:9C:89|1088|499716134|11|-75

B8:27:EB:7F:9C:89|1104|499737516|11|-77

B0:C5:54:46:7C:7B|1216|501407131|1|-80

B0:C5:54:46:7C:7B|1232|501407131|1|-80

B0:C5:54:46:7C:7B|1248|501407131|1|-80

B0:C5:54:46:7C:7B|1280|501519383|2|-78

B0:C5:54:46:7C:7B|1296|501519383|2|-78

B0:C5:54:46:7C:7B|1312|501519383|2|-78

B0:C5:54:46:7C:7B|1328|501519383|2|-78

B0:C5:54:46:7C:7B|2432|504415849|7|-71

B0:C5:54:46:7C:7B|2448|504415849|7|-71

B0:C5:54:46:7C:7B|2464|504415849|7|-71

B0:C5:54:46:7C:7B|2480|504415849|7|-71

B0:C5:54:46:7C:7B|2496|504527102|8|-72

B0:C5:54:46:7C:7B|2512|504527102|8|-72

B0:C5:54:46:7C:7B|2528|504527102|8|-73

B0:C5:54:46:7C:7B|2544|504527102|8|-72

B0:C5:54:46:7C:7B|3264|507176250|13|-76

B0:C5:54:46:7C:7B|3280|507176250|13|-76

DA:A1:19:51:19:4B|640|508079065|2|-93

54:33:CB:6A:41:F7|160|509754771|5|-82

54:33:CB:6A:41:F7|176|509763333|5|-82

94:87:E0:32:EB:A2|3680|509834994|5|-55

B0:C5:54:46:7C:7B|3488|510845801|7|-72

B0:C5:54:46:7C:7B|3504|510847068|7|-71

B0:C5:54:46:7C:7B|0|513698907|13|-77

B0:C5:54:46:7C:7B|16|513698907|13|-76

54:33:CB:6A:41:F7|736|513965947|13|-88

DA:A1:19:51:19:4B|1296|514158102|1|-87

20:C9:D0:49:3D:7D|3072|514245142|1|-73

20:C9:D0:49:3D:7D|3088|514263730|1|-77

B0:C5:54:46:7C:7B|64|514772496|2|-78

B0:C5:54:46:7C:7B|80|514772496|2|-79

22:C2:5E:39:7B:36|1536|518570683|10|-71

22:C2:5E:39:7B:36|1552|518584996|10|-70

B8:27:EB:05:02:0F|3216|519637120|12|-81

B0:C5:54:46:7C:7B|1216|520164849|13|-74

B0:C5:54:46:7C:7B|1232|520164849|13|-75

B0:C5:54:46:7C:7B|1248|520164849|13|-74

B0:C5:54:46:7C:7B|1264|520164849|13|-75

54:33:CB:6A:41:F7|2304|520673846|1|-84

B0:C5:54:46:7C:7B|1344|521303598|2|-78

B0:C5:54:46:7C:7B|1360|521303598|2|-78

B0:C5:54:46:7C:7B|1376|521306122|2|-76

B0:C5:54:46:7C:7B|1392|521306122|2|-78

48:F1:7F:B8:83:64|1920|521577699|3|-95

24:18:1D:7D:B2:6A|16|522992184|5|-60

24:18:1D:7D:B2:6A|48|523075849|6|-57

24:18:1D:7D:B2:6A|64|523113336|6|-57

DA:A1:19:DB:49:59|1360|523649849|7|-91

B0:C5:54:46:7C:7B|2304|523957665|7|-72

B0:C5:54:46:7C:7B|2320|523957665|7|-72

B0:C5:54:46:7C:7B|2336|524067137|8|-72

B0:C5:54:46:7C:7B|2352|524067137|8|-72

DA:A1:19:DB:49:59|1792|524337121|8|-89

54:33:CB:6A:41:F7|3152|526903370|13|-71

54:33:CB:6A:41:F7|3168|526922474|13|-75

B0:C5:54:46:7C:7B|2560|527687439|2|-76

B0:C5:54:46:7C:7B|2576|527687439|2|-76

B8:27:EB:7F:9C:89|1376|530148686|7|-73

B8:27:EB:7F:9C:89|1392|530168402|7|-74

B0:C5:54:46:7C:7B|3168|530637150|8|-72

B0:C5:54:46:7C:7B|3184|530637150|8|-73

B0:C5:54:46:7C:7B|3744|533270704|13|-74

B0:C5:54:46:7C:7B|3760|533270704|13|-74

B0:C5:54:46:7C:7B|80|536989594|7|-72

B0:C5:54:46:7C:7B|96|536989594|7|-72

B0:C5:54:46:7C:7B|112|536992164|7|-71

B0:C5:54:46:7C:7B|128|537087068|8|-73

B0:C5:54:46:7C:7B|144|537091462|8|-73

B0:C5:54:46:7C:7B|160|537091462|8|-73

B0:C5:54:46:7C:7B|176|537091462|8|-73

B0:C5:54:46:7C:7B|1280|539777901|13|-72

B0:C5:54:46:7C:7B|1296|539777901|13|-73

B0:C5:54:46:7C:7B|1312|539777901|13|-72

B0:C5:54:46:7C:7B|1328|539777901|13|-72

B0:C5:54:46:7C:7B|1392|540954598|2|-76

B0:C5:54:46:7C:7B|1408|541061491|3|-76

B0:C5:54:46:7C:7B|1424|541061491|3|-76

B0:FC:36:21:64:D1|3632|541189969|3|-91

B0:FC:36:21:64:D1|3648|541189969|3|-91

B0:FC:36:21:64:D1|3664|541189969|3|-92

B0:FC:36:21:64:D1|3680|541189969|3|-92

04:D6:AA:6B:DA:15|3376|544495398|9|-55

04:D6:AA:6B:DA:15|3392|544495398|9|-55

04:D6:AA:6B:DA:15|3440|544585400|10|-58

04:D6:AA:6B:DA:15|3456|544589416|10|-59

04:D6:AA:6B:DA:15|3472|544624908|10|-59

04:D6:AA:6B:DA:15|3488|544624908|10|-59

20:C9:D0:49:3D:7D|1088|545783277|12|-71

20:C9:D0:49:3D:7D|1104|545792795|12|-70

B0:C5:54:46:7C:7B|2144|546254729|13|-73

B0:C5:54:46:7C:7B|2160|546254729|13|-73

B0:C5:54:46:7C:7B|2208|547396951|2|-76

A0:28:ED:AC:CD:77|3024|547426917|2|-52

54:33:CB:6A:41:F7|3216|547429723|2|-86

A0:28:ED:AC:CD:77|3056|547442172|2|-53

A0:28:ED:AC:CD:77|3120|547542183|3|-55

B0:C5:54:46:7C:7B|2272|547610911|3|-75

B0:C5:54:46:7C:7B|2288|547614740|3|-74

B8:27:EB:05:02:0F|3472|548741564|5|-79

B0:C5:54:46:7C:7B|2816|550182672|8|-73

DA:A1:19:51:19:4B|1056|550583202|9|-90

38:F9:D3:37:D4:2C|3552|550583202|9|-87

94:87:E0:32:EB:A2|1168|553437665|1|-62

B0:C5:54:46:7C:7B|3072|553846645|2|-77

B0:C5:54:46:7C:7B|3088|553851124|2|-77

B0:C5:54:46:7C:7B|3104|553851124|2|-78

B0:C5:54:46:7C:7B|3120|553851124|2|-76

00:C2:C6:74:BE:09|3920|556458514|7|-82

00:C2:C6:74:BE:09|3936|556458514|7|-81

DA:A1:19:51:19:4B|1520|556710039|8|-88

B0:C5:54:46:7C:7B|192|556743229|8|-72

B0:C5:54:46:7C:7B|208|556743229|8|-72

B0:C5:54:46:7C:7B|224|556743229|8|-73

B0:C5:54:46:7C:7B|240|556743229|8|-72

A0:28:ED:AC:CD:77|144|558389021|11|-63

A0:28:ED:AC:CD:77|176|558402927|11|-60

A0:28:ED:AC:CD:77|720|559403390|13|-59

A0:28:ED:AC:CD:77|752|559417817|13|-59

B0:C5:54:46:7C:7B|960|559466262|13|-75

B0:C5:54:46:7C:7B|976|559466262|13|-75

DA:A1:19:51:19:4B|1600|561548978|5|-88

26:EB:DA:A1:4E:4B|3968|561826750|5|-93

B0:C5:54:46:7C:7B|1216|563135289|8|-73

B0:C5:54:46:7C:7B|1232|563135289|8|-73

B0:C5:54:46:7C:7B|1792|565977282|13|-76

B0:C5:54:46:7C:7B|1808|565977282|13|-75

B0:C5:54:46:7C:7B|1856|566988917|2|-77

B0:C5:54:46:7C:7B|1872|566988917|2|-78

B0:C5:54:46:7C:7B|1888|567098513|3|-76

B0:C5:54:46:7C:7B|1904|567098513|3|-76

DA:A1:19:51:19:4B|2192|568257162|5|-90

C0:9A:D0:E1:4D:B5|3360|569355926|7|-70

C0:9A:D0:E1:4D:B5|3376|569361333|7|-69

76:EA:1F:36:D3:A5|1472|569867215|8|-89

76:EA:1F:36:D3:A5|1488|569887225|8|-91

B0:C5:54:46:7C:7B|3200|573624499|3|-76

B0:C5:54:46:7C:7B|3216|573624499|3|-77

B0:C5:54:46:7C:7B|3232|573624499|3|-77

B0:C5:54:46:7C:7B|3248|573624499|3|-77

D6:5C:8A:9B:1F:09|3680|573885089|3|-94

D6:5C:8A:9B:1F:09|3696|573896385|3|-92

DA:A1:19:51:19:4B|2720|574358128|4|-84

B0:C5:54:46:7C:7B|64|576697158|9|-73

B0:C5:54:46:7C:7B|80|576698125|9|-74

20:C9:D0:49:3D:7D|2576|576820094|9|-69

20:C9:D0:49:3D:7D|2592|576830594|9|-70

B8:27:EB:05:02:0F|3760|579159041|1|-88

B8:27:EB:05:02:0F|3776|579175211|1|-86

B8:27:EB:05:02:0F|3792|579175211|1|-86

B0:C5:54:46:7C:7B|288|579641500|2|-76

B0:C5:54:46:7C:7B|304|579641500|2|-76

B0:C5:54:46:7C:7B|336|579649115|2|-77

DA:A1:19:51:19:4B|3552|581306319|5|-90

48:F1:7F:B8:83:64|2224|581659727|6|-88

B0:C5:54:46:7C:7B|1216|581792253|6|-72

B0:C5:54:46:7C:7B|1232|581792253|6|-71

30:52:CB:E8:E2:71|32|584446758|11|-94

DA:A1:19:51:19:4B|2512|584600647|12|-91

B0:C5:54:46:7C:7B|1856|585196014|13|-75

B0:C5:54:46:7C:7B|1872|585196014|13|-75

B0:C5:54:46:7C:7B|2208|588192648|6|-72

B0:C5:54:46:7C:7B|2224|588197372|6|-72

B0:C5:54:46:7C:7B|2240|588197372|6|-72

B0:C5:54:46:7C:7B|2256|588197372|6|-72

BC:FF:EB:0D:31:71|2688|589650078|9|-75

BC:FF:EB:0D:31:71|2704|589660576|9|-73

BC:FF:EB:0D:31:71|2720|589671791|9|-73

B8:27:EB:7F:9C:89|2304|590279948|10|-76

B8:27:EB:7F:9C:89|2320|590295308|10|-76

B0:C5:54:46:7C:7B|3008|590365867|10|-83

B0:C5:54:46:7C:7B|3024|590365867|10|-82

B0:C5:54:46:7C:7B|3136|592195120|1|-81

B0:C5:54:46:7C:7B|3152|592195120|1|-81

B0:C5:54:46:7C:7B|32|596805892|10|-81

B0:C5:54:46:7C:7B|48|596805892|10|-81

B0:C5:54:46:7C:7B|64|596805892|10|-80

B0:C5:54:46:7C:7B|80|596805892|10|-92

30:52:CB:E8:E2:71|1344|597165767|11|-91

B0:C5:54:46:7C:7B|832|600753515|5|-74

B0:C5:54:46:7C:7B|848|600753515|5|-75

0C:54:15:93:4B:8A|1312|600759237|5|-81

0C:54:15:93:4B:8A|1328|600759237|5|-81

B0:C5:54:46:7C:7B|1984|605947287|2|-78

B0:C5:54:46:7C:7B|2000|605949084|2|-77

B0:C5:54:46:7C:7B|2016|606052314|3|-78

B0:C5:54:46:7C:7B|2032|606052314|3|-78

20:C9:D0:49:3D:7D|0|607886008|6|-75

A0:28:ED:AC:CD:77|2032|608116010|7|-52

A0:28:ED:AC:CD:77|2064|608136489|7|-52

B8:27:EB:05:02:0F|704|608852448|8|-77

BC:FF:EB:0D:31:71|144|609061023|9|-73

BC:FF:EB:0D:31:71|160|609067287|9|-72

BC:FF:EB:0D:31:71|176|609077251|9|-70

BC:FF:EB:0D:31:71|192|609084844|9|-73

B0:C5:54:46:7C:7B|2656|609641609|10|-81

9C:E6:5E:BD:07:BF|608|609834778|10|-87

9C:E6:5E:BD:07:BF|624|609853534|10|-88

B0:C5:54:46:7C:7B|2848|612388188|2|-79

B0:C5:54:46:7C:7B|2864|612388188|2|-79

B0:C5:54:46:7C:7B|2880|612388188|2|-79

B0:C5:54:46:7C:7B|2896|612388188|2|-80

B0:C5:54:46:7C:7B|2912|612502451|3|-78

B0:C5:54:46:7C:7B|2928|612507579|3|-78

B0:C5:54:46:7C:7B|2944|612511387|3|-79

B0:C5:54:46:7C:7B|2960|612511387|3|-78

B0:C5:54:46:7C:7B|3808|614848553|7|-74

B0:C5:54:46:7C:7B|3824|614848553|7|-74

BC:3D:85:BA:62:06|1776|618334542|1|-89

BC:3D:85:BA:62:06|1792|618339197|1|-93

BC:3D:85:BA:62:06|1808|618343388|1|-89

BC:3D:85:BA:62:06|1856|618359243|1|-91

BC:3D:85:BA:62:06|1872|618364224|1|-94

0E:50:BF:EE:FC:0B|3200|618395340|1|-90

B8:27:EB:7F:9C:89|2496|619370507|3|-73

B8:27:EB:7F:9C:89|2512|619389701|3|-73

B0:C5:54:46:7C:7B|736|621257352|7|-74

B0:C5:54:46:7C:7B|752|621257352|7|-74

B0:C5:54:46:7C:7B|768|621257352|7|-74

B0:C5:54:46:7C:7B|784|621257352|7|-74

30:52:CB:E8:E2:71|3888|622563329|10|-92

30:52:CB:E8:E2:71|3904|622563329|10|-93

B0:C5:54:46:7C:7B|1504|623355133|11|-81

B0:C5:54:46:7C:7B|1520|623370432|11|-77

B0:C5:54:46:7C:7B|1632|625213582|2|-76

B0:C5:54:46:7C:7B|1648|625223529|2|-76

B0:C5:54:46:7C:7B|2656|629783501|11|-78

B0:C5:54:46:7C:7B|2672|629785864|11|-80

B0:C5:54:46:7C:7B|2688|629785864|11|-79

94:87:E0:32:EB:A2|3184|630081836|12|-60

68:07:15:E8:FE:A9|592|631080330|1|-44

68:07:15:E8:FE:A9|608|631085069|1|-44

B0:C5:54:46:7C:7B|3424|633736080|6|-71

B0:C5:54:46:7C:7B|3440|633736080|6|-71

20:C9:D0:49:3D:7D|3328|634573586|8|-68

20:C9:D0:49:3D:7D|3344|634584604|8|-68

B0:C5:54:46:7C:7B|480|638975595|3|-76

B0:C5:54:46:7C:7B|496|638975595|3|-76

B0:C5:54:46:7C:7B|512|639079501|4|-75

B0:C5:54:46:7C:7B|528|639080568|4|-74

B8:27:EB:05:02:0F|1088|639286673|4|-78

B8:27:EB:05:02:0F|1104|639286673|4|-78

B8:27:EB:05:02:0F|1120|639309817|4|-80

68:07:15:E8:FE:A9|1216|639375113|4|-45

B0:C5:54:46:7C:7B|1152|642635516|11|-78

B0:C5:54:46:7C:7B|1168|642651819|11|-78

DC:D3:A2:D6:00:49|2688|643905172|13|-84

DC:D3:A2:D6:00:49|2704|643905172|13|-84

B0:C5:54:46:7C:7B|1392|645382190|3|-76

B0:C5:54:46:7C:7B|1408|645382190|3|-75

B0:C5:54:46:7C:7B|1424|645382190|3|-75

B0:C5:54:46:7C:7B|2304|647839792|8|-73

B0:C5:54:46:7C:7B|2320|647839792|8|-73

20:C9:D0:49:3D:7D|496|650172050|13|-75

20:C9:D0:49:3D:7D|512|650172050|13|-74

A8:DB:03:5E:51:CF|3232|650302681|13|-90

A8:DB:03:5E:51:CF|3248|650318232|13|-89

B8:27:EB:7F:9C:89|3232|650405931|13|-90

B8:27:EB:7F:9C:89|3248|650425181|13|-87

B0:C5:54:46:7C:7B|3360|654244874|8|-73

B0:C5:54:46:7C:7B|3376|654244874|8|-73

B0:C5:54:46:7C:7B|3392|654244874|8|-74

B0:C5:54:46:7C:7B|3408|654244874|8|-74

B0:C5:54:46:7C:7B|0|656320210|12|-77

B0:C5:54:46:7C:7B|16|656346111|12|-77

B0:C5:54:46:7C:7B|128|658109627|3|-78

B0:C5:54:46:7C:7B|144|658121362|3|-77

BC:FF:EB:0D:31:71|1728|662124199|11|-79

BC:FF:EB:0D:31:71|1744|662131064|11|-78

BC:FF:EB:0D:31:71|1776|662151258|11|-77

BC:FF:EB:0D:31:71|1792|662161293|11|-77

B0:C5:54:46:7C:7B|1232|662835837|12|-77

DA:A1:19:51:19:4B|2672|664372404|2|-85

DA:A1:19:51:19:4B|2688|664372404|2|-84

DA:A1:19:51:19:4B|2704|664392406|2|-89

DA:A1:19:51:19:4B|2720|664392406|2|-86

B0:C5:54:46:7C:7B|1920|666741568|7|-74

B0:C5:54:46:7C:7B|1936|666741568|7|-74

B8:27:EB:05:02:0F|2032|668982399|11|-86

B8:27:EB:05:02:0F|2064|669024882|12|-82

B8:27:EB:05:02:0F|2080|669039203|12|-85

B0:C5:54:46:7C:7B|3360|673221354|7|-74

B0:C5:54:46:7C:7B|3376|673221354|7|-74

B0:C5:54:46:7C:7B|3392|673221354|7|-74

B0:C5:54:46:7C:7B|32|675198417|11|-81

B0:C5:54:46:7C:7B|48|675198417|11|-81

C0:E8:62:2F:22:4A|1152|678317033|4|-94

A0:28:ED:AC:CD:77|1600|679081101|6|-53

A0:28:ED:AC:CD:77|1632|679094873|6|-53

B0:C5:54:46:7C:7B|288|679163871|6|-73

B0:C5:54:46:7C:7B|304|679177039|6|-72

B8:27:EB:7F:9C:89|3456|679543359|7|-73

B8:27:EB:7F:9C:89|3472|679564978|7|-76

BC:FF:EB:5A:3A:B9|2784|679670903|7|-83

BC:FF:EB:5A:3A:B9|2800|679695780|7|-82

B0:C5:54:46:7C:7B|1056|680863707|9|-74

B0:C5:54:46:7C:7B|1072|680863707|9|-74

B0:C5:54:46:7C:7B|1088|680863707|9|-75

B0:C5:54:46:7C:7B|1104|680889099|9|-74

B0:C5:54:46:7C:7B|1296|681201367|10|-93

94:87:E0:32:EB:A2|1840|681509002|11|-56

94:87:E0:32:EB:A2|1856|681523926|11|-54

B0:C5:54:46:7C:7B|2304|684882687|4|-76

B0:C5:54:46:7C:7B|2320|684882687|4|-75

00:C2:C6:74:BE:09|1280|685952430|6|-87

00:C2:C6:74:BE:09|1296|685952430|6|-87

00:C2:C6:74:BE:09|1328|686089933|7|-84

00:C2:C6:74:BE:09|1344|686089933|7|-84

00:C2:C6:74:BE:09|1360|686089933|7|-86

B0:C5:54:46:7C:7B|3104|690174925|2|-78

B0:C5:54:46:7C:7B|3120|690174925|2|-78

B0:C5:54:46:7C:7B|3136|690174925|2|-79

B0:C5:54:46:7C:7B|3152|690174925|2|-79

DA:A1:19:21:51:81|3616|692240075|6|-83

DA:A1:19:21:51:81|3632|692262763|6|-86

DA:A1:19:51:19:4B|4000|693595509|9|-85

DA:A1:19:51:19:4B|4016|693595509|9|-85

DA:A1:19:51:19:4B|4048|693615989|9|-89

B0:C5:54:46:7C:7B|176|695775260|13|-76

B0:C5:54:46:7C:7B|224|696629968|2|-79

B0:C5:54:46:7C:7B|240|696629968|2|-79

B8:27:EB:05:02:0F|2512|699412685|7|-79

B8:27:EB:05:02:0F|2560|699432444|7|-81

B0:C5:54:46:7C:7B|832|699805204|8|-74

B0:C5:54:46:7C:7B|848|699805204|8|-74

48:F1:7F:B8:83:64|3168|701939045|12|-88

DA:A1:19:4C:E6:D9|96|701946082|12|-72

DA:A1:19:4C:E6:D9|112|701963062|12|-72

DA:A1:19:4C:E6:D9|128|702128252|13|-70

DA:A1:19:4C:E6:D9|144|702134490|13|-67

DA:A1:19:51:19:4B|448|702874654|1|-90

DA:A1:19:51:19:4B|480|702896854|1|-90

DA:A1:19:51:19:4B|496|702896854|1|-90

B0:C5:54:46:7C:7B|1024|702944084|1|-80

B0:C5:54:46:7C:7B|1040|702944084|1|-80

B0:C5:54:46:7C:7B|1056|702944084|1|-80

B0:C5:54:46:7C:7B|1072|702944084|1|-80

B0:C5:54:46:7C:7B|1088|703042777|2|-78

B0:C5:54:46:7C:7B|1104|703042777|2|-78

B0:C5:54:46:7C:7B|1120|703042777|2|-79

B0:C5:54:46:7C:7B|1136|703042777|2|-78

88:10:8F:C8:6E:3D|2144|704248283|4|-89

88:10:8F:C8:6E:3D|2160|704261246|4|-88

B0:C5:54:46:7C:7B|2016|705121542|6|-72

B0:C5:54:46:7C:7B|2032|705121542|6|-72

B0:C5:54:46:7C:7B|2656|708728041|13|-75

B0:C5:54:46:7C:7B|2672|708728041|13|-76

68:07:15:E8:FE:A9|1856|708843990|13|-52

D2:9F:66:37:38:C4|1776|709831512|2|-91

B8:27:EB:7F:9C:89|3712|709931931|2|-78

B8:27:EB:7F:9C:89|3728|709937934|2|-78

B0:C5:54:46:7C:7B|2944|711387718|5|-74

B0:C5:54:46:7C:7B|2960|711387718|5|-75

B0:C5:54:46:7C:7B|2976|711387718|5|-75

B0:C5:54:46:7C:7B|2992|711387718|5|-75

B0:C5:54:46:7C:7B|3056|711503061|6|-72

20:C9:D0:49:3D:7D|1728|711782973|6|-76

B0:C5:54:46:7C:7B|3808|713891008|10|-80

B0:C5:54:46:7C:7B|3840|714002975|11|-80

B0:C5:54:46:7C:7B|3936|715503106|1|-80

B0:C5:54:46:7C:7B|3952|715505271|1|-80

74:88:BB:99:72:E4|848|717658720|5|-88

74:88:BB:99:72:E4|864|717691167|5|-87

B0:C5:54:46:7C:7B|832|720315768|10|-79

B0:C5:54:46:7C:7B|848|720317786|10|-80

B0:C5:54:46:7C:7B|880|720337114|10|-81

C0:9A:D0:E1:4D:B5|3200|720625604|11|-74

C0:9A:D0:E1:4D:B5|3216|720633990|11|-73

74:88:BB:99:72:E4|1344|722123419|1|-89

74:88:BB:99:72:E4|1360|722155679|1|-90

A0:28:ED:AC:CD:77|3104|722197954|1|-59

A0:28:ED:AC:CD:77|3136|722212737|1|-60

38:F9:D3:37:D4:2C|2928|722729851|2|-83

C0:9A:D0:E1:4D:B5|3328|722738879|2|-68

C0:9A:D0:E1:4D:B5|3344|722751359|2|-69

B0:C5:54:46:7C:7B|1632|724373235|5|-74

B0:C5:54:46:7C:7B|1648|724373235|5|-75

74:88:BB:99:72:E4|2288|727437299|11|-85

74:88:BB:99:72:E4|2304|727467065|11|-86

B8:27:EB:05:02:0F|2960|728546881|1|-88

B8:27:EB:05:02:0F|2976|728566606|1|-88

B0:C5:54:46:7C:7B|2816|729666743|3|-78

B0:C5:54:46:7C:7B|2832|729666743|3|-78

74:88:BB:99:72:E4|2800|731896037|7|-85

B0:C5:54:46:7C:7B|3424|732797502|9|-73

B0:C5:54:46:7C:7B|3440|732800012|9|-73

B0:C5:54:46:7C:7B|3648|735954704|2|-78

B0:C5:54:46:7C:7B|3664|735954704|2|-79

B0:C5:54:46:7C:7B|3680|735954704|2|-78

B0:C5:54:46:7C:7B|3696|735954704|2|-78

B0:C5:54:46:7C:7B|3712|736057106|3|-79

B0:C5:54:46:7C:7B|3728|736057106|3|-79

B0:C5:54:46:7C:7B|3744|736057106|3|-79

B0:C5:54:46:7C:7B|3760|736057106|3|-78

74:88:BB:99:72:E4|3312|736648788|4|-89

74:88:BB:99:72:E4|3328|736666200|4|-90

B0:C5:54:46:7C:7B|480|737977040|6|-73

B0:C5:54:46:7C:7B|496|737977040|6|-73

B0:C5:54:46:7C:7B|512|738074317|7|-73

B0:C5:54:46:7C:7B|528|738074317|7|-74

C0:9A:D0:E1:4D:B5|3648|738323049|7|-77

C0:9A:D0:E1:4D:B5|3664|738353730|7|-76

20:C9:D0:49:3D:7D|3360|738418437|7|-78

08:C5:E1:80:9A:F7|3408|739107480|9|-91

08:C5:E1:80:9A:F7|3424|739152515|9|-80

B0:C5:54:46:7C:7B|1472|744356175|6|-73

B0:C5:54:46:7C:7B|1488|744356175|6|-73

B0:C5:54:46:7C:7B|1504|744356175|6|-73

B0:C5:54:46:7C:7B|1520|744371737|6|-73

DC:74:A8:0B:5E:BE|864|745139860|8|-87

38:71:DE:DE:91:A0|1056|746740155|11|-88

38:71:DE:DE:91:A0|1072|746750025|11|-88

B0:C5:54:46:7C:7B|2304|746965916|11|-79

B0:C5:54:46:7C:7B|2336|747067673|12|-78

B0:C5:54:46:7C:7B|2352|747083085|12|-77

B0:C5:54:46:7C:7B|2400|748282586|1|-80

B0:C5:54:46:7C:7B|2416|748282586|1|-80

DC:FB:48:52:E3:1F|768|749496693|3|-93

00:C2:C6:74:BE:09|2064|750668663|6|-86

00:C2:C6:74:BE:09|2080|750668663|6|-86

00:C2:C6:74:BE:09|2096|750668663|6|-87

74:88:BB:99:72:E4|1216|751940993|8|-86

74:88:BB:99:72:E4|1232|751973088|8|-85

74:88:BB:99:72:E4|1248|752005724|9|-87

74:88:BB:99:72:E4|1264|752019984|9|-87

B0:C5:54:46:7C:7B|3456|753432821|11|-81

B0:C5:54:46:7C:7B|3472|753432821|11|-81

B0:C5:54:46:7C:7B|3488|753432821|11|-82

B0:C5:54:46:7C:7B|3520|753540484|12|-77

B0:C5:54:46:7C:7B|3568|753543786|12|-75

20:C9:D0:49:3D:7D|832|753616009|12|-71

20:C9:D0:49:3D:7D|848|753628076|12|-70

D2:9F:66:37:38:C4|2400|754792718|1|-80

D2:9F:66:37:38:C4|2416|754811513|1|-81

B0:C5:54:46:7C:7B|64|756119966|4|-75

B0:C5:54:46:7C:7B|80|756119966|4|-74

74:88:BB:99:72:E4|1744|756716088|5|-86

74:88:BB:99:72:E4|1760|756751603|5|-87

64:5A:ED:EB:4D:55|1744|757566594|7|-76

B0:C5:54:46:7C:7B|672|759181006|10|-80

B8:27:EB:05:02:0F|4016|759584561|11|-89

B8:27:EB:05:02:0F|4032|759590604|11|-88

B8:27:EB:05:02:0F|4048|759602840|11|-88

74:88:BB:99:72:E4|2240|761482085|1|-88

74:88:BB:99:72:E4|2272|761547037|2|-84

74:88:BB:99:72:E4|2288|761583620|2|-86

48:F1:7F:B8:83:64|3408|761798658|2|-91

B0:C5:54:46:7C:7B|928|762491451|3|-79

B0:C5:54:46:7C:7B|960|762498777|3|-78

B0:C5:54:46:7C:7B|992|762588308|4|-75

B0:C5:54:46:7C:7B|1008|762588308|4|-75

B0:C5:54:46:7C:7B|1024|762588308|4|-75

B0:C5:54:46:7C:7B|1040|762588308|4|-76

B0:C5:54:46:7C:7B|2144|765375189|9|-73

B0:C5:54:46:7C:7B|2160|765375189|9|-74

B0:C5:54:46:7C:7B|2176|765375189|9|-74

B0:C5:54:46:7C:7B|2192|765375189|9|-74

B0:C5:54:46:7C:7B|3232|767245840|13|-75

B0:C5:54:46:7C:7B|3248|767245840|13|-75

B0:C5:54:46:7C:7B|3264|767245840|13|-76

B0:C5:54:46:7C:7B|3280|767245840|13|-75

B0:C5:54:46:7C:7B|3296|767982817|1|-81

B0:C5:54:46:7C:7B|3312|767982817|1|-81

B0:C5:54:46:7C:7B|3328|767985333|1|-81

B0:C5:54:46:7C:7B|3344|767985333|1|-81

B0:C5:54:46:7C:7B|3360|768085214|2|-80

B0:C5:54:46:7C:7B|3376|768085214|2|-80

B0:C5:54:46:7C:7B|3392|768090155|2|-78

B0:C5:54:46:7C:7B|3408|768090155|2|-79

B8:27:EB:7F:9C:89|576|770106261|6|-80

B8:27:EB:7F:9C:89|592|770125257|6|-80

B0:C5:54:46:7C:7B|256|771177840|8|-74

B0:C5:54:46:7C:7B|272|771178738|8|-74

B0:C5:54:46:7C:7B|448|774456793|1|-80

B0:C5:54:46:7C:7B|464|774456793|1|-81

B0:C5:54:46:7C:7B|496|774563897|2|-79

A4:50:46:41:93:4F|2928|776213824|5|-90

A4:50:46:41:93:4F|2944|776213824|5|-89

B0:C5:54:46:7C:7B|1120|776373786|5|-75

B0:C5:54:46:7C:7B|1136|776373786|5|-75

B0:C5:54:46:7C:7B|1152|776373786|5|-75

B0:C5:54:46:7C:7B|1168|776373786|5|-75

B0:C5:54:46:7C:7B|1184|776483768|5|-73

BC:FF:EB:2E:4F:8C|304|777409652|7|-77

A4:34:D9:2F:EA:4A|3872|778571392|10|-94

B0:C5:54:46:7C:7B|2240|782827866|5|-75

B0:C5:54:46:7C:7B|2256|782827866|5|-75

20:C9:D0:49:3D:7D|2368|784548347|9|-72

20:C9:D0:49:3D:7D|2384|784607865|9|-71

B0:C5:54:46:7C:7B|2848|785976480|11|-80

B0:C5:54:46:7C:7B|2880|786091836|12|-76

B0:C5:54:46:7C:7B|2896|786091836|12|-76

B8:27:EB:05:02:0F|208|788679690|4|-79

B8:27:EB:05:02:0F|224|788700590|4|-80

B0:C5:54:46:7C:7B|3200|789242685|5|-74

B0:C5:54:46:7C:7B|3216|789242685|5|-75

B0:C5:54:46:7C:7B|3232|789242685|5|-75

B0:C5:54:46:7C:7B|3248|789262687|5|-75

B0:C5:54:46:7C:7B|4032|791295963|9|-75

B0:C5:54:46:7C:7B|4048|791295963|9|-74

DC:FB:48:54:B9:7E|2608|794654728|3|-93

B0:C5:54:46:7C:7B|1024|797765128|9|-74

B0:C5:54:46:7C:7B|1040|797765128|9|-74

B0:C5:54:46:7C:7B|1056|797765128|9|-73

B0:C5:54:46:7C:7B|1072|797765128|9|-73

B8:27:EB:7F:9C:89|1216|799807919|13|-83

B0:C5:54:46:7C:7B|1856|801697152|4|-75

B0:C5:54:46:7C:7B|1872|801697152|4|-74

D4:3B:04:76:98:19|3920|802117102|5|-85

2E:0F:CE:D0:64:63|1664|803327903|7|-82

2E:0F:CE:D0:64:63|1680|803343263|7|-82

B0:C5:54:46:7C:7B|3008|806890248|1|-80

B0:C5:54:46:7C:7B|3040|807004367|2|-78

B0:C5:54:46:7C:7B|3056|807004367|2|-78

B0:C5:54:46:7C:7B|3648|810455166|8|-73

B0:C5:54:46:7C:7B|3664|810455166|8|-74

B0:C5:54:46:7C:7B|3680|810557567|9|-75

B0:C5:54:46:7C:7B|3696|810557567|9|-74

B0:C5:54:46:7C:7B|3840|813340492|1|-80

B0:C5:54:46:7C:7B|3856|813340492|1|-80

B0:C5:54:46:7C:7B|3872|813340492|1|-80

B0:C5:54:46:7C:7B|3888|813340492|1|-79

20:C9:D0:49:3D:7D|3888|815675514|6|-74

20:C9:D0:49:3D:7D|3904|815675514|6|-75

B0:C5:54:46:7C:7B|736|815758856|6|-73

B0:C5:54:46:7C:7B|752|815758856|6|-72

00:C2:C6:74:BE:09|2944|815996415|6|-85

00:C2:C6:74:BE:09|2960|815996415|6|-84

00:C2:C6:74:BE:09|2992|816136339|7|-83

00:C2:C6:74:BE:09|3024|816145833|7|-84

B0:C5:54:46:7C:7B|1344|818987177|12|-76

B0:C5:54:46:7C:7B|1376|819090479|13|-75

B0:C5:54:46:7C:7B|1392|819100460|13|-75

B0:C5:54:46:7C:7B|1728|822212040|6|-72

B0:C5:54:46:7C:7B|1744|822222695|6|-71

B0:C5:54:46:7C:7B|1760|822222695|6|-72

B0:C5:54:46:7C:7B|1776|822222695|6|-72

B0:C5:54:46:7C:7B|2528|824277226|10|-80

B0:C5:54:46:7C:7B|2544|824277226|10|-80

B0:C5:54:46:7C:7B|2656|826176706|1|-80

B0:C5:54:46:7C:7B|2672|826176706|1|-80

B8:27:EB:7F:9C:89|1504|830235053|9|-77

B8:27:EB:7F:9C:89|1520|830235053|9|-77

B0:C5:54:46:7C:7B|3696|830694629|10|-80

B0:C5:54:46:7C:7B|352|834616434|5|-74

B0:C5:54:46:7C:7B|368|834616434|5|-75

B0:C5:54:46:7C:7B|1504|839803106|2|-78

B0:C5:54:46:7C:7B|1520|839803106|2|-78

B0:C5:54:46:7C:7B|2144|843447939|9|-75

B0:C5:54:46:7C:7B|2160|843447939|9|-75

B0:C5:54:46:7C:7B|2384|846215680|2|-80

B0:C5:54:46:7C:7B|2400|846219101|2|-79

B0:C5:54:46:7C:7B|2416|846228335|2|-79

2E:0F:CE:D0:64:63|32|848290668|6|-87

B0:C5:54:46:7C:7B|3328|848809259|7|-73

B0:C5:54:46:7C:7B|3936|851873035|13|-74

B0:C5:54:46:7C:7B|3952|851873035|13|-74

42:91:94:1F:42:39|1856|854240251|5|-89

42:91:94:1F:42:39|1872|854260408|5|-88

B0:C5:54:46:7C:7B|256|855199907|7|-73

B0:C5:54:46:7C:7B|272|855199907|7|-74

B0:C5:54:46:7C:7B|288|855199907|7|-74

B0:C5:54:46:7C:7B|304|855199907|7|-74

B0:C5:54:46:7C:7B|1024|857284427|11|-83

B0:C5:54:46:7C:7B|1040|857300961|11|-81

B0:C5:54:46:7C:7B|1152|859176656|2|-79

B8:27:EB:7F:9C:89|1696|859327756|2|-77

B8:27:EB:7F:9C:89|1712|859349511|2|-78

B0:C5:54:46:7C:7B|1920|861936475|7|-73

B0:C5:54:46:7C:7B|1936|861936475|7|-74

B0:C5:54:46:7C:7B|1952|861936475|7|-74

B0:C5:54:46:7C:7B|1968|861936475|7|-74

B0:C5:54:46:7C:7B|1984|862031894|8|-74

B0:C5:54:46:7C:7B|2032|862042601|8|-74

08:C5:E1:80:9A:F7|3792|862405197|8|-85

08:C5:E1:80:9A:F7|3840|862527730|9|-83

30:52:CB:E8:E2:71|0|864396316|12|-93

B0:C5:54:46:7C:7B|2768|864779221|13|-74

B0:C5:54:46:7C:7B|2976|868381924|7|-74

B0:C5:54:46:7C:7B|2992|868381924|7|-74

B0:C5:54:46:7C:7B|3008|868524449|8|-74

B0:C5:54:46:7C:7B|3024|868524449|8|-74

B0:C5:54:46:7C:7B|3584|871291963|13|-74

B0:C5:54:46:7C:7B|3600|871291963|13|-74

B0:C5:54:46:7C:7B|3648|872429811|2|-79

B0:C5:54:46:7C:7B|3664|872438072|2|-78

B0:C5:54:46:7C:7B|3680|872532369|3|-76

B0:C5:54:46:7C:7B|3696|872532369|3|-77

64:5A:ED:EB:4D:55|3808|875094011|8|-75

64:5A:ED:EB:4D:55|3824|875121441|8|-74

88:10:8F:C8:6E:3D|2320|877165203|12|-92

B0:C5:54:46:7C:7B|704|877690353|13|-74

B0:C5:54:46:7C:7B|720|877690353|13|-75

B0:C5:54:46:7C:7B|736|877690353|13|-75

B0:C5:54:46:7C:7B|752|877690353|13|-74

B8:27:EB:05:02:0F|1920|879246019|3|-80

B8:27:EB:05:02:0F|1936|879260969|3|-81

B8:27:EB:05:02:0F|1952|879260969|3|-81

9C:E6:5E:BD:07:BF|1264|879601458|4|-88

B0:C5:54:46:7C:7B|1312|880245532|5|-73

B0:C5:54:46:7C:7B|1328|880261216|5|-73

00:C2:C6:74:BE:09|3808|880715519|6|-87

00:C2:C6:74:BE:09|3824|880715519|6|-87

00:C2:C6:74:BE:09|3840|880718098|6|-87

B0:C5:54:46:7C:7B|1920|883380827|11|-79

B0:C5:54:46:7C:7B|1936|883403607|11|-79

B0:C5:54:46:7C:7B|1968|883501330|12|-75

48:F1:7F:B8:83:64|464|883887701|12|-86

B0:C5:54:46:7C:7B|2320|886682988|5|-74

B0:C5:54:46:7C:7B|3104|888657142|9|-75

B0:C5:54:46:7C:7B|3120|888657142|9|-75

30:52:CB:E8:E2:71|2512|889769541|11|-92

B8:27:EB:7F:9C:89|2432|890368104|12|-82

B8:27:EB:7F:9C:89|2448|890379651|12|-82

B0:C5:54:46:7C:7B|48|895005896|9|-76

B0:C5:54:46:7C:7B|96|895130130|9|-74

B0:C5:54:46:7C:7B|112|895130130|9|-74

B0:C5:54:46:7C:7B|128|895130130|9|-74

B0:C5:54:46:7C:7B|144|895130130|9|-74

B0:C5:54:46:7C:7B|896|898951581|3|-78

B0:C5:54:46:7C:7B|912|898951581|3|-78

B0:C5:54:46:7C:7B|928|899053597|4|-75

B0:C5:54:46:7C:7B|944|899053597|4|-75

64:5A:ED:EB:4D:55|1008|900159344|6|-72

64:5A:ED:EB:4D:55|1024|900171520|6|-70

2E:0F:CE:D0:64:63|3952|903919754|13|-89

2E:0F:CE:D0:64:63|3968|903919754|13|-88

B0:C5:54:46:7C:7B|2016|903936445|13|-74

B0:C5:54:46:7C:7B|2032|903936445|13|-74

B0:C5:54:46:7C:7B|2048|903936445|13|-75

B0:C5:54:46:7C:7B|2064|903936445|13|-75

B0:C5:54:46:7C:7B|2080|904160740|1|-81

B0:C5:54:46:7C:7B|2096|904160740|1|-80

68:07:15:E8:FE:A9|3088|904486880|1|-47

68:07:15:E8:FE:A9|3120|904618800|2|-48

68:07:15:E8:FE:A9|3136|904626649|2|-47

88:10:8F:C8:6E:3D|2096|905011209|3|-94

B8:27:EB:05:02:0F|2896|908938809|10|-79

B8:27:EB:05:02:0F|2944|909003064|11|-86

20:C9:D0:49:3D:7D|768|909409200|11|-73

B0:C5:54:46:7C:7B|2848|909738048|12|-75

B0:C5:54:46:7C:7B|2864|909738048|12|-75

B0:C5:54:46:7C:7B|2912|910624646|1|-80

B0:C5:54:46:7C:7B|2928|910624646|1|-80

B0:C5:54:46:7C:7B|2944|910624646|1|-80

C4:E3:9F:58:77:01|1280|912360499|4|-77

C4:E3:9F:58:77:01|1296|912360499|4|-77

B0:C5:54:46:7C:7B|3936|913745016|7|-73

B0:C5:54:46:7C:7B|3952|913745016|7|-73

B0:C5:54:46:7C:7B|64|917082866|1|-80

B0:C5:54:46:7C:7B|80|917082866|1|-80

B0:C5:54:46:7C:7B|672|918940323|4|-76

B0:C5:54:46:7C:7B|704|918944049|4|-75

B0:C5:54:46:7C:7B|736|919034028|5|-73

B0:C5:54:46:7C:7B|752|919034028|5|-74

B0:C5:54:46:7C:7B|768|919034028|5|-74

B0:C5:54:46:7C:7B|784|919034028|5|-74

B8:27:EB:7F:9C:89|2624|919456862|5|-78

B8:27:EB:7F:9C:89|2640|919467510|5|-78

B8:27:EB:7F:9C:89|2656|919501609|6|-81

B8:27:EB:7F:9C:89|2672|919525633|6|-82

B0:C5:54:46:7C:7B|1664|922717425|12|-76

B0:C5:54:46:7C:7B|1680|922725146|12|-76

B0:C5:54:46:7C:7B|1824|925336838|4|-75

B0:C5:54:46:7C:7B|1840|925336838|4|-75

B0:C5:54:46:7C:7B|2656|927947826|9|-75

B0:C5:54:46:7C:7B|2672|927947826|9|-75

B0:C5:54:46:7C:7B|2688|927947826|9|-74

B0:C5:54:46:7C:7B|2704|927947826|9|-74

B0:C5:54:46:7C:7B|2720|928058190|10|-80

B0:C5:54:46:7C:7B|2736|928058190|10|-81

B0:C5:54:46:7C:7B|2752|928058190|10|-81

B0:C5:54:46:7C:7B|2784|928158167|10|-80

88:10:8F:C8:6E:3D|3104|932603732|6|-76

88:10:8F:C8:6E:3D|3120|932622701|6|-65

B0:C5:54:46:7C:7B|3664|934369922|9|-74

B0:C5:54:46:7C:7B|480|936281448|13|-74

B0:C5:54:46:7C:7B|496|936281448|13|-75

B0:C5:54:46:7C:7B|512|936283145|13|-74

B0:C5:54:46:7C:7B|528|936283145|13|-74

B8:27:EB:05:02:0F|3344|939369269|6|-78

B8:27:EB:05:02:0F|3360|939369269|6|-79

B8:27:EB:05:02:0F|3376|939391616|6|-78

B0:C5:54:46:7C:7B|768|940154098|8|-73

B0:C5:54:46:7C:7B|784|940154098|8|-73

20:C9:D0:49:3D:7D|2224|940779930|9|-70

20:C9:D0:49:3D:7D|2240|940789708|9|-70

48:F1:7F:B8:83:64|688|941766590|11|-88

48:F1:7F:B8:83:64|704|941775380|11|-86

B0:C5:54:46:7C:7B|1344|942745680|13|-74

B0:C5:54:46:7C:7B|1360|942745680|13|-74

A8:DB:03:5E:51:CF|208|943377574|1|-82

A2:EF:38:F8:63:8A|2896|947882182|10|-84

A2:EF:38:F8:63:8A|2912|947908111|10|-80

A8:DB:03:5E:51:CF|672|948357149|11|-81

A8:DB:03:5E:51:CF|688|948395540|11|-85

B0:C5:54:46:7C:7B|2544|949119143|13|-75

B0:C5:54:46:7C:7B|2560|949227022|13|-75

B0:C5:54:46:7C:7B|2576|949227022|13|-75

B0:C5:54:46:7C:7B|2592|949227022|13|-75

B0:C5:54:46:7C:7B|2608|949239238|13|-75

B0:C5:54:46:7C:7B|2624|949505116|1|-80

B8:27:EB:7F:9C:89|2912|949890372|1|-83

B8:27:EB:7F:9C:89|2928|949911938|1|-83

B0:C5:54:46:7C:7B|3488|953074801|8|-74

B0:C5:54:46:7C:7B|3504|953074801|8|-74

B0:C5:54:46:7C:7B|3520|953074801|8|-74

B0:C5:54:46:7C:7B|3536|953074801|8|-74

B0:C5:54:46:7C:7B|96|954996500|11|-79

B0:C5:54:46:7C:7B|128|955093533|12|-76

B0:C5:54:46:7C:7B|144|955093533|12|-75

94:87:E0:32:EB:A2|3120|956317715|1|-60

B0:C5:54:46:7C:7B|352|958889103|6|-72

B0:C5:54:46:7C:7B|368|958889103|6|-72

B0:C5:54:46:7C:7B|1184|960715366|10|-80

B0:C5:54:46:7C:7B|1200|960715366|10|-80

B0:C5:54:46:7C:7B|1216|960720707|10|-80

B0:C5:54:46:7C:7B|1232|960720707|10|-80

94:87:E0:32:EB:A2|592|962300684|13|-57

B0:C5:54:46:7C:7B|1568|964688783|5|-73

B0:C5:54:46:7C:7B|1584|964688783|5|-73

B0:C5:54:46:7C:7B|2144|967135387|10|-80

B0:C5:54:46:7C:7B|2160|967150986|10|-80

D4:3B:04:76:98:19|32|969259770|1|-81

68:07:15:E8:FE:A9|3632|969465062|1|-46

68:07:15:E8:FE:A9|3648|969468560|1|-46

68:07:15:E8:FE:A9|3664|969613127|2|-47

68:07:15:E8:FE:A9|3680|969616817|2|-48

20:C9:D0:49:3D:7D|3760|971784183|6|-73

20:C9:D0:49:3D:7D|3776|971797569|6|-80

B0:C5:54:46:7C:7B|3200|973482916|9|-73

B0:C5:54:46:7C:7B|3216|973482916|9|-74

B0:C5:54:46:7C:7B|3232|973482916|9|-74

B0:C5:54:46:7C:7B|3248|973482916|9|-74

B0:C5:54:46:7C:7B|3264|973594401|10|-79

B0:C5:54:46:7C:7B|3280|973594401|10|-80

B0:C5:54:46:7C:7B|3296|973594401|10|-79

B0:C5:54:46:7C:7B|3904|975467136|13|-74

94:87:E0:32:EB:A2|2416|976451855|2|-57

94:87:E0:32:EB:A2|2464|976549244|3|-57

B0:C5:54:46:7C:7B|4032|977419176|4|-73

B0:C5:54:46:7C:7B|4048|977424168|4|-73

B0:C5:54:46:7C:7B|4064|977516933|5|-73

D4:3B:04:76:98:19|352|978060366|6|-83

B8:27:EB:7F:9C:89|3584|979634508|9|-77

B8:27:EB:7F:9C:89|3600|979650363|9|-76

B0:C5:54:46:7C:7B|1024|981963197|13|-74

B0:C5:54:46:7C:7B|1040|981963197|13|-74

B0:C5:54:46:7C:7B|1056|981963197|13|-74

B0:C5:54:46:7C:7B|1072|981963197|13|-75

B0:C5:54:46:7C:7B|1120|982613820|2|-78

B0:C5:54:46:7C:7B|1136|982613820|2|-78

08:C5:E1:80:9A:F7|4016|982926138|2|-82

08:C5:E1:80:9A:F7|4064|983059483|3|-87

04:D6:AA:6B:DA:15|3792|983583638|4|-60

04:D6:AA:6B:DA:15|3808|983623100|4|-71

B0:C5:54:46:7C:7B|1728|985978911|8|-73

B0:C5:54:46:7C:7B|1744|985978911|8|-73

B0:C5:54:46:7C:7B|1760|986085430|9|-74

B0:C5:54:46:7C:7B|1776|986085430|9|-74

C4:E3:9F:58:77:01|3232|987130445|11|-75

C4:E3:9F:58:77:01|3248|987130445|11|-75

A2:EF:38:F8:63:8A|32|988608539|1|-88

A2:EF:38:F8:63:8A|48|988619380|1|-88

B0:C5:54:46:7C:7B|1920|988904306|1|-81

B0:C5:54:46:7C:7B|1936|988905472|1|-80

B0:C5:54:46:7C:7B|1952|988905472|1|-81

B0:C5:54:46:7C:7B|1968|988915894|1|-81

B0:C5:54:46:7C:7B|1984|989018460|2|-78

B0:C5:54:46:7C:7B|2000|989018460|2|-78

B0:C5:54:46:7C:7B|2016|989018460|2|-78

B0:C5:54:46:7C:7B|2032|989018460|2|-78

DC:FB:48:52:E3:1F|2272|989498458|3|-95

B0:C5:54:46:7C:7B|2912|991266684|6|-72

B0:C5:54:46:7C:7B|2928|991274984|6|-69

B0:C5:54:46:7C:7B|3552|994681849|13|-73

B0:C5:54:46:7C:7B|3568|994681849|13|-74

B4:C4:FC:41:D4:4D|4032|997296744|5|-75

B0:C5:54:46:7C:7B|3904|997724088|6|-72

B0:C5:54:46:7C:7B|3920|997724088|6|-71

B0:C5:54:46:7C:7B|3936|997724088|6|-72

B0:C5:54:46:7C:7B|3952|997724088|6|-72

B8:27:EB:05:02:0F|752|999547596|10|-78

B8:27:EB:05:02:0F|768|999547596|10|-79

B8:27:EB:05:02:0F|784|999562934|10|-79

B8:27:EB:05:02:0F|800|999562934|10|-79

B0:C5:54:46:7C:7B|608|999900851|10|-80

B0:C5:54:46:7C:7B|624|999900851|10|-79

B0:C5:54:46:7C:7B|640|1000003252|11|-77

B0:C5:54:46:7C:7B|656|1000017417|11|-77

48:F1:7F:B8:83:64|1008|1001554487|1|-91

48:F1:7F:B8:83:64|1024|1001616690|1|-92

B0:C5:54:46:7C:7B|736|1001685759|1|-79

B0:C5:54:46:7C:7B|752|1001685759|1|-81

B4:C4:FC:41:D4:4D|672|1001915362|1|-72

B4:C4:FC:41:D4:4D|688|1002022035|2|-75

20:C9:D0:49:3D:7D|1376|1002609162|3|-75

20:C9:D0:49:3D:7D|1392|1002617556|3|-78

B4:C4:FC:41:D4:4D|928|1003193488|4|-74

C4:E3:9F:58:77:01|3648|1004813894|7|-89

C4:E3:9F:58:77:01|3664|1004813894|7|-88

B4:C4:FC:41:D4:4D|1488|1005853089|9|-82

B0:C5:54:46:7C:7B|1728|1006377458|10|-79

B0:C5:54:46:7C:7B|1744|1006377458|10|-79

B0:C5:54:46:7C:7B|1760|1006377458|10|-79

B0:C5:54:46:7C:7B|1776|1006377458|10|-91

C0:9A:D0:E1:4D:B5|1296|1009669784|4|-70

C0:9A:D0:E1:4D:B5|1312|1009679739|4|-70

B8:27:EB:7F:9C:89|3888|1010083273|5|-77

00:C2:C6:74:BE:09|1584|1010254237|5|-85

00:C2:C6:74:BE:09|1600|1010254237|5|-85

B0:C5:54:46:7C:7B|2528|1010322025|5|-74

B0:C5:54:46:7C:7B|2544|1010322025|5|-74

A4:50:46:41:93:4F|864|1011976716|8|-87

A4:50:46:41:93:4F|960|1012120501|9|-85

A4:50:46:41:93:4F|992|1012143713|9|-85

B0:C5:54:46:7C:7B|3712|1015618742|3|-76

B0:C5:54:46:7C:7B|224|1018835496|9|-75

B0:C5:54:46:7C:7B|240|1018835496|9|-73

B0:C5:54:46:7C:7B|464|1021970940|2|-77

B0:C5:54:46:7C:7B|480|1021970940|2|-78

B0:C5:54:46:7C:7B|496|1021970940|2|-78

B0:C5:54:46:7C:7B|528|1022097640|3|-77

B0:C5:54:46:7C:7B|544|1022097640|3|-77

B0:C5:54:46:7C:7B|560|1022097640|3|-78

B0:C5:54:46:7C:7B|1408|1024177998|7|-73

B0:C5:54:46:7C:7B|1424|1024177998|7|-72

C0:9A:D0:E1:4D:B5|1696|1028094826|2|-66

C0:9A:D0:E1:4D:B5|1712|1028114890|2|-68

B8:27:EB:05:02:0F|1072|1028637780|3|-79

B8:27:EB:05:02:0F|1088|1028653315|3|-81

B0:C5:54:46:7C:7B|2432|1030619281|7|-72

B0:C5:54:46:7C:7B|2448|1030619281|7|-72

B0:C5:54:46:7C:7B|2464|1030619281|7|-72

B0:C5:54:46:7C:7B|2480|1030619281|7|-72

C0:9A:D0:E1:4D:B5|2384|1032381699|10|-50

C0:9A:D0:E1:4D:B5|2400|1032402970|10|-49

B0:C5:54:46:7C:7B|3200|1032930729|11|-76

B0:C5:54:46:7C:7B|3232|1033046270|12|-78

B0:C5:54:46:7C:7B|3248|1033050319|12|-80

20:C9:D0:49:3D:7D|2288|1034054044|1|-74

20:C9:D0:49:3D:7D|2304|1034058302|1|-77

B0:C5:54:46:7C:7B|3296|1034463954|1|-85

B0:C5:54:46:7C:7B|3312|1034472231|1|-85

B0:C5:54:46:7C:7B|3328|1034579512|2|-81